0: 6,5,1
1: 2,7,0,6
2: 1,8,7,3
3: 4,9,2,8
4: 3,9,10
5: 0,6,11,12
6: 0,5,1,7,12,13
7: 1,2,8,6,13,14
8: 2,7,3,9,14,15
9: 3,4,8,10,15,16
10: 4,9,16,17
11: 12,45,46,5
12: 11,19,46,47,6,5,13
13: 14,20,6,7,12,19
14: 13,20,21,8,7,15
15: 16,22,8,9,14,21
16: 15,22,9,10,17
17: 51,10,16
18: 
19: 12,47,13,20,25,49,26
20: 13,14,21,19,26,27
21: 14,20,15,22,27
22: 15,16,21,28
23: 
24: 25,48
25: 24,40,49,19,26
26: 27,35,19,20,25,41
27: 26,36,34,20,21
28: 29,22,34,32,33
29: 28,53,33
30: 
31: 
32: 33,34,28
33: 32,28,29
34: 27,37,36,28,32
35: 26
36: 27,34
37: 34
38: 
39: 
40: 25
41: 26
42: 
43: 
44: 
45: 11
46: 11,12
47: 12,19
48: 24
49: 25,19
50: 
51: 17
52: 
53: 29
54: 